EnergyData0:
{
Energy = 280.0;
BetaPara = 6.14099496339307e-05;
BetaPerp = 6.167824254028258e-05;
DeltaPara = 0.0006176237584968544;
DeltaPerp = 0.000734597091143308;
}
EnergyData1:
{
Energy = 285.0;
BetaPara = 0.00015347106032297418;
BetaPerp = 0.000113047097405341;
DeltaPara = -0.00045533537449630296;
DeltaPerp = -1.2197348149362111e-05;
}
EnergyData2:
{
Energy = 281.0;
BetaPara = 6.276713442883446e-05;
BetaPerp = 6.119840692910083e-05;
DeltaPara = 0.00048688425023536437;
DeltaPerp = 0.0006311052416529758;
}
